60
100 100
100 1000
100 10000
100 100000
100 1000000
100 10000000
1000 100
1000 1000
1000 10000
1000 100000
1000 1000000
1000 10000000
3250 100
3250 1000
3250 10000
3250 100000
3250 1000000
3250 10000000
5500 100
5500 1000
5500 10000
5500 100000
5500 1000000
5500 10000000
7750 100
7750 1000
7750 10000
7750 100000
7750 1000000
7750 10000000
10000 100
10000 1000
10000 10000
10000 100000
10000 1000000
10000 10000000
100000 100
100000 1000
100000 10000
100000 100000
100000 1000000
100000 10000000
1000000 100
1000000 1000
1000000 10000
1000000 100000
1000000 1000000
1000000 10000000
10000000 100
10000000 1000
10000000 10000
10000000 100000
10000000 1000000
10000000 10000000
100000000 100
100000000 1000
100000000 10000
100000000 100000
100000000 1000000
100000000 10000000


